Passenger no.	Pclass	Sex	SibSp	Parch	Embarked	Survived
0		0	1	1	0	2		0	
1		2	1	1	0	1		0	
2		0	1	1	0	0		1	
3		0	0	1	0	0		1	
4		0	1	1	0	2		0	
5		1	0	1	0	2		0	
6		0	1	1	0	2		1	
7		1	1	1	1	2		1	
8		2	1	1	0	0		1	
9		2	1	0	1	0		1	
10		1	1	0	0	2		0	
11		2	1	0	0	2		0	
12		2	0	1	0	0		0	
13		2	0	1	2	2		0	
14		2	0	0	2	1		0	
15		0	1	0	2	0		1	
16		2	1	1	0	2		0	
17		1	1	1	1	2		0	
18		1	1	2	1	2		0	
19		2	1	0	0	0		0	
20		2	1	0	0	2		1	
21		2	1	0	1	2		0	
22		2	1	0	0	2		1	
23		1	0	0	0	2		1	
24		1	0	0	0	2		1	
25		2	0	1	3	2		0	
26		0	0	1	0	1		1	
27		2	1	0	0	2		0	
28		2	1	0	0	1		1	
29		0	1	1	0	2		0	
30		0	1	1	2	2		1	
31		0	0	0	1	2		1	
32		2	0	0	0	1		0	
33		0	1	2	0	1		0	
34		1	0	0	0	2		1	
35		1	1	1	1	2		0	
36		2	0	3	2	2		0	
37		1	0	0	1	2		1	
38		2	1	1	0	1		0	
39		2	0	0	0	1		1	
40		1	0	0	2	2		1	
41		1	1	0	0	2		0	
42		1	1	0	0	2		0	
43		0	1	1	0	0		1	
44		0	1	1	0	2		0	
45		2	0	0	0	0		0	
46		1	0	1	0	0		1	
47		2	1	0	0	2		0	
48		2	1	0	0	2		0	
49		1	1	0	0	2		0	
50		2	0	1	0	2		0	
51		2	1	1	0	2		0	
52		1	1	0	0	2		0	
53		1	0	1	2	2		1	
54		2	0	0	0	2		0	
55		0	0	1	1	2		1	
56		2	1	0	0	2		0	
57		2	0	1	0	2		0	
58		2	1	0	0	2		0	
59		2	0	0	0	2		1	
60		2	1	0	0	2		0	
61		2	0	4	2	2		1	
62		2	1	0	0	2		1	
63		0	1	0	0	0		0	
64		2	1	0	0	0		0	
65		0	1	0	1	0		0	
66		2	1	0	0	2		0	
67		2	1	4	1	2		0	
68		2	1	0	0	2		0	
69		2	0	1	6	2		0	
70		2	1	0	0	2		0	
71		2	1	0	0	0		0	
72		0	0	1	0	0		1	
73		2	0	0	0	2		0	
74		2	0	0	0	1		1	
75		2	0	1	1	1		0	
76		2	1	0	0	1		0	
77		0	0	3	2	2		1	
78		0	1	0	1	0		0	
79		2	0	1	1	2		1	
80		2	0	0	0	2		0	
81		2	1	0	0	2		0	
82		2	1	0	0	2		0	
83		1	0	1	1	2		1	
84		2	1	0	0	2		0	
85		0	0	3	2	2		1	
86		2	1	1	2	2		1	
87		2	1	0	0	2		0	
88		2	1	1	0	2		0	
89		0	0	0	0	2		1	
90		2	1	1	0	1		0	
91		1	0	0	0	2		1	
92		2	0	2	2	2		0	
93		0	0	0	1	0		1	
94		2	1	0	0	2		0	
95		0	1	1	0	2		1	
96		2	1	2	0	2		0	
97		2	1	1	0	2		0	
98		2	1	0	0	2		0	
99		2	1	5	2	2		0	
100		2	1	0	0	2		0	
101		2	1	0	0	2		1	
102		1	1	0	0	2		1	
103		0	1	1	2	2		1	
104		0	0	1	0	0		1	
105		2	1	1	1	0		1	
106		1	1	1	1	2		1	
107		1	0	1	1	2		1	
108		2	1	0	0	0		0	
109		2	1	5	2	2		0	
110		2	0	0	0	2		0	
111		2	1	0	0	1		0	
112		1	1	0	0	2		0	
113		2	1	0	0	2		0	
114		0	0	1	1	0		1	
115		0	1	0	0	2		0	
116		0	0	1	0	0		1	
117		0	1	0	0	0		1	
118		2	1	0	0	2		0	
119		2	1	0	0	0		1	
120		0	1	1	0	2		0	
121		2	1	0	0	2		1	
122		2	1	1	0	2		1	
123		2	0	0	2	2		1	
124		2	1	0	0	2		0	
125		0	0	0	0	0		1	
126		2	1	0	0	2		0	
127		1	0	0	0	2		1	
128		2	1	1	0	2		0	
129		2	1	0	0	2		0	
130		0	1	0	1	0		0	
131		0	0	1	0	0		1	
132		1	1	1	1	2		1	
133		1	1	0	0	2		0	
134		2	1	0	0	2		1	
135		1	1	0	0	2		0	
136		2	1	0	0	2		0	
137		2	1	0	0	2		0	
138		2	0	0	0	1		0	
139		2	1	0	0	2		0	
140		2	0	0	0	1		1	
141		2	1	0	0	2		0	
142		2	1	0	2	2		1	
143		0	1	0	0	2		0	
144		2	1	0	0	2		0	
145		2	1	0	0	2		0	
146		2	1	1	0	2		0	
147		0	0	0	0	0		1	
148		1	0	0	1	2		1	
149		1	0	1	1	2		1	
150		1	0	1	0	0		1	
151		0	1	0	0	0		1	
152		0	1	0	0	2		0	
153		2	1	0	0	2		0	
154		2	1	0	0	2		0	
155		0	1	3	2	2		0	
156		2	1	0	0	1		0	
157		2	0	0	1	2		1	
158		1	1	1	0	0		0	
159		2	0	0	0	2		0	
160		0	1	1	1	2		0	
161		2	1	0	0	1		0	
162		2	1	0	1	2		0	
163		0	0	1	0	0		1	
164		0	1	1	1	0		0	
165		0	1	0	0	2		0	
166		2	1	4	2	2		1	
167		0	1	0	0	2		1	
168		1	1	1	0	0		0	
169		1	1	1	1	2		1	
170		2	0	0	0	1		0	
171		2	0	2	0	2		0	
172		2	0	0	0	1		1	
173		0	0	1	2	2		1	
174		0	0	1	0	2		1	
175		2	1	0	0	0		1	
176		2	1	0	0	1		0	
177		2	1	0	0	2		0	
178		2	1	0	0	2		0	
179		0	1	0	1	2		0	
180		2	0	1	0	0		1	
181		2	1	0	0	2		0	
182		1	1	0	0	2		0	
183		2	1	0	0	2		0	
184		2	1	1	0	2		0	
185		0	1	0	0	2		1	
186		2	1	0	0	2		0	
187		2	1	0	0	1		0	
188		1	0	2	1	2		1	
189		1	1	1	0	2		0	
190		2	1	0	0	2		0	
191		1	0	1	1	2		1	
192		1	1	1	0	2		0	
193		0	0	0	1	2		1	
194		2	1	0	0	1		0	
195		0	1	0	1	0		1	
196		0	0	1	0	2		1	
197		1	0	1	2	2		1	
198		2	1	0	0	0		0	
199		2	1	0	0	2		0	
200		2	1	0	0	2		0	
201		2	1	0	0	2		0	
202		1	0	0	0	2		1	
203		0	1	0	0	0		1	
204		2	1	0	0	1		0	
205		2	1	1	1	0		0	
206		0	1	1	1	0		1	
207		2	1	1	1	2		0	
208		2	1	0	0	2		0	
209		2	0	1	0	1		1	
210		0	1	0	0	2		0	
211		1	0	1	2	0		1	
212		0	1	1	0	2		0	
213		0	0	1	0	2		1	
214		2	0	3	1	2		0	
215		2	1	0	0	1		0	
216		2	0	0	0	2		1	
217		2	1	2	0	2		0	
218		2	1	0	2	2		0	
219		2	0	0	0	2		0	
220		2	0	1	0	1		1	
221		2	1	0	0	2		0	
222		2	1	0	0	2		0	
